11.4748 9.05717
11.524 10.1483
11.9827 10.8147
7.16887 9.85003
9.76149 8.26758
14.9971 11.1525
11.819 12.8246
12.9117 10.4124
8.49884 14.1216
9.03542 11.3747
13.5606 9.4369
10.0282 10.7642
10.1109 12.7915
11 11
10.5888 12.9573
11.8189 14.9153
10.2021 10.3972
13.6853 12.3377
11.7404 11.6722
11.1935 13.9938
8.66536 9.116
10.2013 10.3982
12.3529 8.32236
11.0199 12.9999
9.58101 14.7398
22.8562 21.4833
22.337 22.9415
24.5052 23.6504
20.062 21.5057
20.0196 22.2796
22 22
23.5711 20.7624
21.9977 20
22 22
20.2936 20.9568
20.0015 18.535
21.6174 21.0761
23.9926 21.8281
22.9059 20.2169
21.655 21.0614
22.957 21.7098
20.794 23.5955
22.9321 22.3622
21.0041 20.2656
24.9994 21.9425
19.3582 23.4215
22 22
20.838 20.3722
21.5932 23.9582
18.1482 23.0788
