11 11
14.9929 10.7626
14.939 11.696
10.0427 10.711
11 11
9.00582 11.1524
14.9979 11.1286
9.41274 12.2168
9.06318 10.5013
9.02111 10.7102
21.0018 22.0596
25.6285 23.6835
19.541 23.7185
22 22
22.2214 19.0082
25.5024 20.0678
22 22
22 22
18.1452 20.9321
24.6498 23.4067
33.6551 32.2445
33.6242 29.049
31.3937 35.5337
36.9994 32.9303
33 33
32.3682 33.7751
29.206 31.7328
33 33
29.969 30.3898
33.4771 32.1212
43.0649 43.6457
46.7221 45.261
42.3804 41.4747
44.1465 44.9892
40.3866 45.7157
42.2206 44.9132
45.3674 42.5404
44 44
42.628 45.4552
47.3803 46.1386
55 55
55.6273 55.7788
55.7141 54.3
56.587 58.6717
56.2501 56.5612
55 55
55.2478 52.0102
57.6436 56.4183
54.157 55.5379
53.5827 53.5889
