4.23434 0.265698
0.856164 0.901437
0.00172297 3.10166
0.165169 2.0183
0.0809504 2.30779
3.06179 5.99936
4.50081 0.402392
5.97358 3.39728
0.340096 1.61259
3.93864 5.84938
5.03393 5.20525
5.50293 1.34611
2.74661 5.98928
4.12048 0.2171
2.47631 0.0460614
1.58675 0.353733
1.13932 0.646732
5.75699 1.81721
1.91003 0.205011
1.49089 5.59279
2.99049 1.50642e-05
5.97865 2.64273
0.974206 5.21273
2.45943 0.0491038
4.09602 5.79262
0.0272941 3.40376
4.76438 5.42631
0.093153 3.74178
2.9148 5.99879
0.455655 1.41056
5.95314 3.52816
5.69814 4.3115
3.70638 5.91565
0.0306565 2.57222
0.879571 0.877789
2.98543 3.53847e-05
3.36654 0.022476
0.101655 3.77434
3.38283 0.0245265
1.298 5.47046
1.35771 0.489447
5.44677 1.26411
2.94196 5.99944
5.64029 1.57562
2.30358 0.0819517
5.96352 2.53356
0.499776 1.34203
1.14295 5.35613
5.53957 1.40294
2.36372 5.93175
