11 11
10.8805 10.0072
11 11
9.31452 13.4818
14.888 10.0602
10.3298 11.7422
13.7967 9.91436
11 11
11 11
11 11
9.90096 12.671
12.999 10.9361
12.9134 11.5822
12.8348 10.204
9.13112 11.7122
10.4626 12.9264
10.6676 11.9432
11 11
10.573 13.9695
9.77279 14.8071
21.3766 25.9511
18.0144 22.3387
22 22
22 22
20.7491 23.5605
24.5943 20.4934
22.2057 25.9947
24.1434 18.6228
20.0847 21.4242
20.7074 20.4739
23.5428 23.2727
22 22
22 22
19.5284 20.2997
21.7873 25.9943
22 22
20.1501 21.2398
21.9836 18
22 22
20.1675 22.8012
